 Meteorological Profile: ARW2110                                                                                                                                                                                                                                                         
 File start time : 21  4  3  0  0
 File ending time: 21  4  3 23  0
 
___________________________________________________ 
 Profile Time:  21  4  3  0  0
 Profile:       1   32.3887  -84.8299  ( 57, 54)
 
          SHGT   PRSS   TPP1   DIFR   PBLH   USTR   DSWF   SHTF   LHTF   T02M   U10M   V10M
                  hPa                                                                      
   1013    125   1013      0      0      0      0      0      0      0    9.7   -1.3   -1.1                     
 
          PRES   TEMP   UWND   VWND   WWND   DIFW   SPHU     TPOT   WDIR   WSP
                   oC    m/s    m/s   mb/h          g/kg       oK    deg    m/
   1011   1011    9.7   -1.3   -1.1   10.7  -3E-5    3.2    282.0   58.4    1.
   1009   1009   10.0   -1.4   -1.2   10.5   4E-6    3.1    282.4   58.2    1.
   1005   1005   10.7   -1.8   -1.5   10.3   3E-5    2.9    283.4   58.1    2.
    998    998   11.6   -2.4   -2.0   10.1   2E-5    2.6    285.0   57.6    3.
    989    989   11.0   -2.5   -2.2   10.0  -4E-6    2.4    285.1   55.7    3.
    979    979   10.4   -2.5   -2.4    9.8  -3E-5    2.2    285.3   54.0    3.
    965    964    9.3   -2.2   -2.6    9.4  -1E-6    2.2    285.4   48.6    3.
    945    945    7.7   -1.7   -2.8    8.8   2E-5    2.1    285.4   38.9    3.
    926    926    6.0   -1.2   -3.0    8.4  -1E-5    2.1    285.4   28.7    3.
    904    904    4.2  -0.59   -3.2    7.8   2E-5    2.1    285.4   18.1    3.
    880    880    2.3  -1E-1   -3.7    7.2   2E-5    2.0    285.7    8.5    3.
    854    854   0.16   0.51   -4.2    6.6   2E-5    1.8    286.0    0.8    4.
    825    825    1.1   0.87   -5.6    6.1  -1E-5    1.1    289.8  358.8    5.
    794    793    2.4    1.2   -6.9    5.4  -4E-6   0.29    294.4  357.5    7.
    760    760    2.2    1.8   -7.3    4.7   1E-6   0.16    297.8  353.6    7.
    726    726   0.65    2.9   -7.1    4.1  -1E-6   0.14    300.1  345.2    7.
    693    692   -1.4    4.5   -7.0    3.5   2E-5   0.20    301.9  334.6    8.
    659    659   -3.3    7.0   -8.0    3.1  -1E-6   0.37    304.2  326.5   10.
    625    625   -5.5    8.7   -9.6    2.6  -1E-6   0.45    306.2  325.6   13.
    591    591   -8.1   10.0  -11.6    2.2  -3E-6   0.46    308.1  326.9   15.
    558    558  -11.0   10.8  -13.7    1.9  -1E-5   0.41    309.8  329.4   17.
    524    524  -14.0   11.7  -14.6    1.6   2E-6   0.28    311.8  329.2   18.
    490    490  -17.4   12.1  -16.1    1.3  -1E-6   0.20    313.6  330.8   20.
    454    454  -21.9   11.4  -20.1    1.1  -2E-6   0.23    314.9  338.2   23.
    416    416  -27.4   14.4  -21.4   0.81   2E-7   0.15    316.0  333.8   25.
    377    377  -32.7   15.8  -23.0   0.61  -1E-6   1E-1    317.9  333.2   27.
    339    339  -38.0   16.0  -25.3   0.44   1E-7   3E-2    320.5  335.2   29.
    300    300  -44.0   16.8  -27.5   0.31   3E-7   2E-2    323.3  336.3   32.
    262    262  -50.8   24.0  -26.1   0.20   2E-7   2E-2    326.3  325.1   35.
    223    223  -56.2   29.1  -23.5   0.12   2E-7   1E-2    333.1  316.6   37.
    185    185  -58.9   28.4  -19.7   1E-1   1E-7   1E-2    347.3  312.4   34.
    146    146  -58.3   20.5  -14.5   3E-2   1E-7   2E-3    372.4  313.0   25.
    108    108  -62.5   18.0   -7.7   1E-2   1E-8   2E-3    398.5  301.0   19.
     69   69.2  -61.6    6.1   -7.6   2E-3  -3E-9   2E-3    454.0  329.0    9.
-----------next-------------
 
___________________________________________________ 
 Profile Time:  21  4  3  1  0
 Profile:       1   32.3887  -84.8299  ( 57, 54)
 
          SHGT   PRSS   TPP1   DIFR   PBLH   USTR   DSWF   SHTF   LHTF   T02M   U10M   V10M
                  hPa                                                                      
   1013    125   1013      0      0   61.8   0.17      0  -25.4    1.7    7.2   -3.0   -2.2                     
 
          PRES   TEMP   UWND   VWND   WWND   DIFW   SPHU     TPOT   WDIR   WSP
                   oC    m/s    m/s   mb/h          g/kg       oK    deg    m/
   1012   1012    8.9   -3.5   -2.5   21.0   1E-5    3.2    281.1   61.7    4.
   1009   1009   10.3   -3.9   -2.5   45.7  -1E-4    3.0    282.7   64.7    4.
   1006   1006   10.7   -3.9   -2.3   56.3   1E-4    2.9    283.4   67.1    4.
    998    998   10.9   -3.9   -2.2   62.9  -2E-4    2.7    284.2   68.4    4.
    989    989   10.6   -3.8   -2.1   60.9   1E-4    2.5    284.7   69.1    4.
    979    979   10.0   -3.6   -2.2   56.7  -2E-4    2.3    284.9   65.7    4.
    965    964    9.0   -3.0   -2.5   45.8   2E-4    2.2    285.1   58.7    3.
    945    945    7.4   -2.2   -2.7   29.4   1E-4    2.2    285.2   46.6    3.
    926    926    5.9   -1.3   -3.0   12.8   1E-4    2.1    285.2   31.0    3.
    905    904    4.0  -0.31   -3.3   -2.4   1E-4    2.1    285.3   13.0    3.
    880    880    2.0   0.57   -3.7  -16.4   2E-4    2.0    285.4  358.9    3.
    854    854   0.41   0.54   -4.3  -17.5  -1E-4    1.7    286.2    0.6    4.
    825    825    1.4   0.45   -5.5   -5.4   5E-6   0.96    290.2    3.0    5.
    794    793    2.5   0.62   -6.2    8.9  -3E-5   0.32    294.5    2.0    6.
    760    760    2.5    1.4   -6.4   15.8   2E-5   0.13    298.2  355.5    6.
    726    726   0.74    2.5   -6.1   12.6   1E-5   0.14    300.2  345.6    6.
    693    692   -1.3    4.4   -6.2    6.6   2E-5   0.24    302.1  332.1    7.
    659    659   -3.1    6.6   -7.5   0.87   3E-5   0.42    304.3  326.2   10.
    625    625   -5.2    8.1   -9.6   -4.4   2E-5   0.47    306.5  327.7   12.
    592    591   -7.7    9.3  -11.7   -7.0   2E-5   0.44    308.5  329.4   14.
    558    558  -10.6   10.4  -13.3   -7.2  -1E-5   0.39    310.3  329.6   16.
    524    524  -13.7   11.4  -14.2   -5.0  -3E-5   0.27    312.2  329.0   18.
    491    490  -17.4   11.3  -16.2  -0.40      0   0.23    313.6  332.7   19.
    454    454  -22.1   11.2  -19.3    7.0   1E-5   0.22    314.6  337.6   22.
    416    416  -27.3   13.8  -21.1   10.9   1E-5   0.13    316.0  334.6   25.
    377    377  -32.4   14.5  -22.0   10.8   3E-6   1E-1    318.2  334.3   26.
    339    339  -37.8   15.2  -23.4   11.2  -1E-5   3E-2    320.9  334.6   27.
    300    300  -43.8   17.5  -25.0   10.0   1E-5   2E-2    323.6  332.7   30.
    262    262  -50.7   22.1  -24.4    6.7   2E-6   2E-2    326.4  325.5   32.
    223    223  -56.4   27.0  -23.1    1.3  -4E-6   1E-2    332.8  318.2   35.
    185    185  -59.0   27.6  -18.8   -5.1  -1E-5   1E-2    347.1  311.9   33.
    146    146  -59.1   22.9  -13.3   -5.2  -1E-5   3E-3    370.9  307.9   26.
    108    108  -62.9   19.1   -8.3   -2.6   4E-6   2E-3    397.6  301.1   20.
     69   69.2  -61.6    6.9   -6.2   -2.4   1E-5   2E-3    454.1  319.5    9.
-----------next-------------
 
___________________________________________________ 
 Profile Time:  21  4  3  2  0
 Profile:       1   32.3887  -84.8299  ( 57, 54)
 
          SHGT   PRSS   TPP1   DIFR   PBLH   USTR   DSWF   SHTF   LHTF   T02M   U10M   V10M
                  hPa                                                                      
   1014    125   1014      0      0   43.8   1E-1      0  -11.1   0.63    5.7   -2.3   -1.9                     
 
          PRES   TEMP   UWND   VWND   WWND   DIFW   SPHU     TPOT   WDIR   WSP
                   oC    m/s    m/s   mb/h          g/kg       oK    deg    m/
   1012   1012    7.8   -1.8   -1.4   14.0   1E-5    3.2    279.9   59.5    2.
   1010   1010    9.6   -2.4   -1.7    9.4   3E-5    3.1    281.9   62.5    3.
   1006   1006   10.4   -3.3   -1.8      0  -1E-4    2.9    283.1   69.7    3.
    999    999   10.6   -4.0   -1.3  -16.7   1E-4    2.7    283.8   79.4    4.
    990    989   10.3   -4.3   -1.0  -38.9   2E-4    2.5    284.3   84.3    4.
    980    980    9.7   -4.1   -1.0  -52.1  -2E-4    2.4    284.6   83.3    4.
    966    965    8.7   -3.3   -1.4  -63.4   3E-4    2.3    284.7   74.2    3.
    946    946    7.3   -2.0   -2.1  -74.8   2E-4    2.2    284.9   51.7    2.
    927    927    5.8  -0.70   -2.9  -77.9   2E-5    2.1    285.1   21.3    3.
    905    905    4.0   0.63   -3.5  -72.7   1E-4    2.0    285.2  357.6    3.
    881    881    1.9    1.4   -3.9  -56.6  -3E-5    2.0    285.3  348.1    4.
    855    854   0.60   0.67   -4.4  -34.5   1E-4    1.6    286.4  359.0    4.
    826    825    1.8  -0.17   -4.7   -8.4  -2E-5   0.84    290.5    9.7    4.
    794    794    3.1   0.63   -5.0    9.2   5E-6   0.26    295.1    0.5    5.
    761    760    2.9    1.8   -5.3   15.6  -2E-5   0.11    298.5  349.1    5.
    727    727   0.92    2.8   -5.1   10.1   2E-5   0.14    300.3  338.8    5.
    693    693   -1.1    4.6   -5.5    4.0  -1E-5   0.29    302.2  328.0    7.
    660    659   -2.9    6.4   -7.1    1.9  -1E-4   0.46    304.4  325.8    9.
    626    625   -5.0    7.6   -9.2    1.6  -1E-4   0.47    306.7  328.1   12.
    592    592   -7.5    8.9  -11.2    1.3   2E-5   0.42    308.7  329.1   14.
    558    558  -10.3   10.4  -12.7    1.4  -2E-5   0.35    310.6  328.4   16.
    525    524  -13.5   11.3  -13.7    2.7   1E-5   0.26    312.3  328.3   17.
    491    491  -17.3   11.1  -15.6    5.8   4E-6   0.22    313.6  332.2   19.
    455    454  -21.9   11.5  -18.1    9.6   1E-5   0.17    314.9  335.2   21.
    416    416  -26.7   13.4  -20.1   12.7  -1E-5   0.10    316.7  334.0   24.
    378    377  -31.8   14.6  -20.9   14.5   1E-5   1E-1    318.9  332.6   25.
    339    339  -37.4   15.5  -21.9   15.5   4E-6   4E-2    321.2  332.3   26.
    301    300  -43.8   16.9  -22.7   14.4  -1E-5   3E-2    323.5  331.1   28.
    262    262  -50.7   20.2  -22.0   10.8   1E-5   2E-2    326.3  325.1   29.
    223    223  -56.7   24.5  -21.2    6.3  -1E-5   1E-2    332.4  318.5   32.
    185    185  -59.4   26.7  -17.8  -0.17   2E-6   1E-2    346.5  311.3   32.
    146    146  -59.0   23.6  -13.3   -1.8   1E-5   3E-3    371.1  307.1   27.
    108    108  -62.7   18.6  -10.9   0.47   2E-6   2E-3    398.0  308.1   21.
     69   69.3  -61.8    5.8   -5.1  -0.19  -1E-5   2E-3    453.6  318.8    7.
-----------next-------------
 
___________________________________________________ 
 Profile Time:  21  4  3  3  0
 Profile:       1   32.3887  -84.8299  ( 57, 54)
 
          SHGT   PRSS   TPP1   DIFR   PBLH   USTR   DSWF   SHTF   LHTF   T02M   U10M   V10M
                  hPa                                                                      
   1014    125   1014      0      0   45.7   1E-1      0  -10.6   0.59    4.2   0.13   -3.0                     
 
          PRES   TEMP   UWND   VWND   WWND   DIFW   SPHU     TPOT   WDIR   WSP
                   oC    m/s    m/s   mb/h          g/kg       oK    deg    m/
   1013   1013    6.0      0   -3.2    8.9  -3E-5    3.3    278.1    7.7    3.
   1010   1010    7.0  -0.17   -3.8   24.5  -1E-4    3.2    279.4   10.2    3.
   1007   1007    7.6  -0.19   -3.4   31.8  -1E-4    3.2    280.2   10.8    3.
   1000    999    8.1  -0.40   -2.1   23.3   2E-4    3.0    281.3   18.3    2.
    990    990    8.6   -2.0  -0.72      0  -4E-4    2.8    282.6   77.7    2.
    980    980    8.6   -3.3   1E-1  -23.4   4E-4    2.6    283.4   98.8    3.
    966    966    8.1   -4.0   0.16  -28.0  -3E-4    2.4    284.1  100.0    4.
    947    946    6.9   -3.4  -0.49  -32.7  -3E-4    2.3    284.5   89.5    3.
    927    927    5.4   -2.2   -1.5  -34.6   3E-4    2.2    284.7   63.5    2.
    906    905    3.8  -0.87   -2.7  -29.1  -1E-4    2.1    285.0   25.8    2.
    881    881    1.7   0.32   -3.0  -20.6   3E-5    2.1    285.0    1.7    3.
    855    855   0.56  -0.25   -3.3   -7.9  -4E-5    1.6    286.3   11.9    3.
    826    826    2.3  -0.57   -3.5    4.5   1E-5   0.70    291.0   16.8    3.
    795    794    3.7   0.99   -4.4    5.7  -3E-5   0.19    295.7  354.9    4.
    761    761    3.0    1.7   -4.9    2.2  -1E-4   1E-1    298.7  348.6    5.
    727    727    1.1    2.6   -4.6    5.4   2E-6   0.17    300.4  338.2    5.
    694    693  -0.87    4.6   -5.1   14.2   2E-5   0.35    302.4  325.3    6.
    660    659   -2.8    6.3   -6.7   18.8  -2E-5   0.51    304.6  324.7    9.
    626    626   -4.8    7.4   -8.8   16.5  -2E-5   0.49    306.8  327.8   11.
    592    592   -7.3    8.7  -10.8   11.6   1E-5   0.41    308.8  328.9   13.
    559    558  -10.2   10.1  -12.2    6.4   3E-5   0.34    310.6  328.1   15.
    525    524  -13.6   10.9  -13.0    3.4  -3E-5   0.27    312.2  327.8   17.
    491    491  -17.4   11.0  -14.2    2.4   2E-6   0.22    313.5  330.0   17.
    455    455  -21.9   11.2  -16.3    3.6   1E-5   0.16    314.8  333.1   19.
    416    416  -26.6   12.7  -18.5    6.9  -1E-5   0.11    316.8  333.2   22.
    378    378  -31.7   14.7  -19.2   10.0  -1E-5   1E-1    319.0  330.3   24.
    339    339  -37.4   16.3  -19.3   10.9   1E-5   5E-2    321.2  327.5   25.
    301    300  -44.0   17.6  -19.5   10.2  -1E-5   3E-2    323.2  325.6   26.
    262    262  -51.0   20.1  -19.5    7.8  -1E-5   2E-2    325.9  321.7   28.
    224    223  -56.9   23.4  -19.1    5.2   3E-6   1E-2    332.1  317.0   30.
    185    185  -59.8   24.8  -16.5    2.4  -5E-6   1E-2    345.7  311.3   29.
    146    146  -59.2   21.2  -13.9    1.9   1E-5   3E-3    370.7  311.0   25.
    108    108  -63.0   17.0  -13.1    1.7  -4E-6   2E-3    397.4  315.3   21.
     69   69.3  -62.9    6.7   -3.8  -0.79   2E-6   2E-3    451.1  306.8    7.
-----------next-------------
 
___________________________________________________ 
 Profile Time:  21  4  3  4  0
 Profile:       1   32.3887  -84.8299  ( 57, 54)
 
          SHGT   PRSS   TPP1   DIFR   PBLH   USTR   DSWF   SHTF   LHTF   T02M   U10M   V10M
                  hPa                                                                      
   1015    125   1015      0      0   61.7   0.27      0  -30.9    1.5    4.6   -2.1   -3.2                     
 
          PRES   TEMP   UWND   VWND   WWND   DIFW   SPHU     TPOT   WDIR   WSP
                   oC    m/s    m/s   mb/h          g/kg       oK    deg    m/
   1014   1014    5.3   -2.3   -3.5   17.0  -1E-5    3.2    277.4   41.2    4.
   1011   1011    6.5   -2.8   -4.5   45.8   2E-5    3.2    278.8   39.6    5.
   1008   1008    7.3   -2.4   -4.3   54.5   1E-4    3.1    279.9   37.3    4.
   1000   1000    7.9   -1.6   -2.8   50.5  -1E-4    3.0    281.1   37.6    3.
    991    991    8.2   -1.1  -0.72   24.7  -1E-5    2.8    282.1   64.4    1.
    981    981    7.6   -1.3   0.12      0  -2E-5    2.7    282.3  103.1    1.
    967    966    7.4   -3.3    1.1  -12.3  -1E-4    2.5    283.3  116.6    3.
    947    947    6.5   -4.1   0.96  -19.8   3E-4    2.3    284.0  110.8    4.
    928    928    5.1   -3.8   0.24  -19.1  -3E-5    2.3    284.3  101.2    3.
    906    906    3.5   -2.6  -0.90  -18.7  -4E-5    2.2    284.6   78.8    2.
    882    882    1.5   -1.6   -1.9  -20.4   1E-4    2.1    284.7   47.8    2.
    856    855   0.44   -1.4   -2.6   -9.8  -1E-5    1.6    286.1   35.8    2.
    827    826    2.5  -0.38   -3.1    9.6  -1E-4   0.68    291.1   14.6    3.
    795    795    3.6   0.96   -4.4   16.4   1E-5   0.16    295.6  355.4    4.
    762    761    3.0    1.4   -4.3   12.7   2E-5   1E-1    298.6  349.8    4.
    728    727    1.2    2.7   -4.0    1.6   2E-5   0.20    300.5  333.7    4.
    694    694  -0.82    4.9   -4.6   -8.3  -3E-5   0.38    302.4  321.2    6.
    660    660   -2.8    6.6   -6.5   -5.5   2E-5   0.53    304.5  322.0    9.
    627    626   -4.8    7.7   -8.3    6.4   4E-5   0.50    306.8  324.9   11.
    593    592   -7.2    8.7  -10.1   16.3  -2E-5   0.41    308.9  326.7   13.
    559    559  -10.2    9.9  -11.4   22.0  -2E-5   0.34    310.7  326.7   15.
    525    525  -13.5   10.7  -12.3   27.4   4E-6   0.26    312.2  326.6   16.
    491    491  -17.3   11.1  -13.5   33.5  -1E-5   0.19    313.6  328.0   17.
    455    455  -21.6   11.7  -15.4   38.8  -4E-6   0.14    315.1  330.4   19.
    417    416  -26.2   13.1  -17.1   41.8  -1E-5   0.11    317.2  330.2   21.
    378    378  -31.3   15.1  -17.4   40.5   1E-5   1E-1    319.5  326.6   23.
    339    339  -37.2   16.9  -17.0   35.5   1E-5   1E-1    321.4  322.8   24.
    301    301  -44.0   18.4  -16.9   25.2   2E-6   3E-2    323.2  320.2   25.
    262    262  -50.8   20.5  -17.0   12.2  -1E-5   2E-2    326.1  317.4   26.
    224    224  -56.5   23.2  -17.6    5.0   1E-5   1E-2    332.6  314.9   29.
    185    185  -59.7   24.3  -15.7    4.1  -1E-5   1E-2    345.8  310.5   29.
    146    146  -59.5   20.8  -11.9    3.2  -2E-6   3E-3    370.2  307.6   23.
    108    108  -62.4   15.2  -13.5    1.9  -1E-5   2E-3    398.5  319.2   20.
     69   69.3  -63.4    7.2   -3.0  -0.19   1E-6   2E-3    450.1  300.3    7.
-----------next-------------
 
___________________________________________________ 
 Profile Time:  21  4  3  5  0
 Profile:       1   32.3887  -84.8299  ( 57, 54)
 
          SHGT   PRSS   TPP1   DIFR   PBLH   USTR   DSWF   SHTF   LHTF   T02M   U10M   V10M
                  hPa                                                                      
   1015    125   1015      0      0   63.7   0.27      0  -30.0    1.8    3.9   -2.6   -2.7                     
 
          PRES   TEMP   UWND   VWND   WWND   DIFW   SPHU     TPOT   WDIR   WSP
                   oC    m/s    m/s   mb/h          g/kg       oK    deg    m/
   1014   1014    4.6   -2.8   -3.0   16.1  -3E-5    3.3    276.7   50.7    4.
   1011   1011    5.8   -3.8   -3.9   45.2   1E-4    3.2    278.1   51.9    5.
   1008   1008    6.8   -3.9   -3.9   56.2   1E-4    3.1    279.4   53.2    5.
   1001   1001    7.5   -3.4   -2.4   53.3   1E-5    2.9    280.6   62.3    4.
    991    991    7.5   -2.6  -0.90   33.1   1E-4    2.8    281.4   78.7    2.
    981    981    7.1   -2.3   0.16   14.2  -4E-4    2.7    281.8  101.6    2.
    967    967    6.7   -3.5    1.6      0   1E-4    2.6    282.6  122.5    3.
    948    947    5.9   -4.8    2.3   -9.9  -1E-4    2.3    283.4  123.2    5.
    928    928    4.8   -4.4    1.7  -11.9  -1E-4    2.2    283.9  118.8    4.
    907    906    3.3   -2.9   0.24  -10.2   1E-5    2.1    284.3  102.3    2.
    882    882    1.3   -1.6   -1.2   -6.7   1E-4    2.1    284.5   60.8    2.
    856    855   0.73   -1.3   -1.9    3.4   1E-5    1.5    286.4   42.1    2.
    827    826    2.8  -1E-1   -2.7    6.1  -2E-5   0.59    291.4    8.8    2.
    796    795    3.6   0.21   -3.8   0.39   1E-5   0.15    295.5    4.5    3.
    762    761    2.9   0.73   -3.6   -2.3  -1E-5   1E-1    298.5  356.1    3.
    728    728    1.0    2.6   -3.0   -1.1   1E-5   0.19    300.3  326.5    4.
    694    694   -1.1    5.0   -4.1    3.6   2E-5   0.39    302.1  317.0    6.
    660    660   -2.9    6.8   -6.1    8.4  -1E-5   0.55    304.4  319.6    9.
    627    626   -4.9    7.8   -8.0    7.7   2E-5   0.52    306.7  323.4   11.
    593    593   -7.3    8.6   -9.7    5.3   3E-5   0.43    308.8  326.2   13.
    559    559  -10.2    9.6  -10.8    4.5  -3E-5   0.34    310.6  326.3   14.
    525    525  -13.5   10.4  -11.7    4.5  -2E-5   0.26    312.2  325.9   15.
    492    491  -17.2   11.2  -12.9    4.6  -2E-5   0.18    313.7  326.7   17.
    455    455  -21.3   12.0  -14.5    5.1  -1E-5   0.13    315.4  328.2   18.
    417    416  -26.0   13.4  -15.7    5.5   1E-6   0.10    317.5  327.2   20.
    378    378  -31.2   15.7  -15.5    5.8   1E-5   1E-1    319.6  322.3   22.
    340    339  -37.2   18.0  -14.1    4.7   1E-5   5E-2    321.4  315.8   22.
    301    301  -44.0   19.7  -13.2    4.4  -1E-5   3E-2    323.2  311.5   23.
    262    262  -50.8   20.9  -14.7    5.7  -1E-5   2E-2    326.1  312.9   25.
    224    224  -56.3   22.7  -15.8    4.5  -4E-6   1E-2    332.9  312.4   27.
    185    185  -59.2   22.8  -14.5    2.6   1E-5   1E-2    346.7  310.2   27.
    147    146  -59.8   20.0  -10.8  -0.82   1E-5   3E-3    369.6  305.9   22.
    108    108  -63.0   14.0  -12.2   -1.7  -4E-6   2E-3    397.4  318.9   18.
     69   69.3  -64.3    8.9   -3.1  -0.49   1E-5   2E-3    448.2  297.0    9.
-----------next-------------
 
___________________________________________________ 
 Profile Time:  21  4  3  6  0
 Profile:       1   32.3887  -84.8299  ( 57, 54)
 
          SHGT   PRSS   TPP1   DIFR   PBLH   USTR   DSWF   SHTF   LHTF   T02M   U10M   V10M
                  hPa                                                                      
   1014    125   1014      0      0   61.6   0.26      0  -30.4   0.94    3.6   -3.0   -2.4                     
 
          PRES   TEMP   UWND   VWND   WWND   DIFW   SPHU     TPOT   WDIR   WSP
                   oC    m/s    m/s   mb/h          g/kg       oK    deg    m/
   1013   1013    4.5   -3.1   -2.6   17.5  -3E-6    3.2    276.6   57.4    4.
   1011   1011    5.9   -4.0   -3.1   42.6   1E-4    3.1    278.2   59.7    5.
   1007   1007    6.7   -4.2   -2.9   52.6  -2E-4    3.0    279.3   63.4    5.
   1000   1000    7.3   -3.9   -1.5   50.1  -2E-4    2.9    280.5   76.5    4.
    990    990    7.2   -3.5      0   33.7   2E-4    2.7    281.2   97.7    3.
    981    980    7.0   -3.6    1.3   19.4  -2E-4    2.6    281.8  117.4    3.
    966    966    6.7   -4.6    2.8    6.6  -2E-4    2.4    282.7  128.9    5.
    947    947    5.7   -5.0    2.7   -4.6  -1E-4    2.2    283.3  126.4    5.
    927    927    4.5   -4.2    1.6   -4.7   3E-5    2.1    283.7  118.8    4.
    906    905    2.9   -2.9   0.14  -0.99   5E-5    2.1    284.1  100.4    2.
    882    881    1.7   -1.8   -1.3    3.7   5E-5    1.9    284.9   63.1    2.
    855    855    2.0   -1.7   -1.7   10.5  -2E-5    1.2    287.8   52.3    2.
    826    826    3.2  -0.88   -2.4   10.0  -2E-5   0.47    291.9   27.7    2.
    795    795    3.3  -0.89   -2.9    2.7   1E-4   0.15    295.3   24.7    3.
    761    761    2.7   0.90   -2.4   -1.1   3E-5   1E-1    298.3  347.2    2.
    727    727   0.86    3.3   -2.1   0.69   2E-5   0.20    300.2  310.5    3.
    694    693   -1.1    5.5   -3.9    9.9  -3E-5   0.43    302.1  312.6    6.
    660    660   -2.9    6.8   -6.1   20.9  -5E-5   0.58    304.5  319.5    9.
    626    626   -4.8    7.5   -8.0   25.6  -4E-5   0.54    306.9  324.7   11.
    592    592   -7.2    8.1   -9.5   23.3   1E-5   0.44    308.9  327.3   12.
    559    558  -10.1    9.0  -10.5   18.0   4E-5   0.34    310.8  326.9   13.
    525    525  -13.4   10.3  -11.1   13.9   1E-6   0.23    312.4  324.9   15.
    491    491  -17.0   11.4  -12.1   11.1   2E-5   0.16    314.0  324.4   16.
    455    455  -21.2   12.4  -13.5    9.1  -2E-5   0.12    315.7  325.1   18.
    416    416  -25.9   13.8  -14.2    6.4  -1E-5   1E-1    317.7  323.3   19.
    378    378  -31.3   15.9  -13.3    2.7  -1E-5   1E-1    319.6  317.6   20.
    339    339  -37.3   17.8  -11.5   -1.6  -1E-5   4E-2    321.3  310.6   21.
    301    301  -43.9   19.5  -11.7   -1.6   1E-5   2E-2    323.4  308.6   22.
    262    262  -50.6   21.3  -13.2  -1E-1   4E-6   2E-2    326.5  309.5   25.
    224    223  -56.1   22.2  -14.6   -2.8   1E-6   1E-2    333.3  310.9   26.
    185    185  -58.7   21.6  -13.6   -5.0   2E-6   1E-2    347.6  309.8   25.
    146    146  -59.2   19.4  -10.1   -4.7   1E-5   3E-3    370.7  305.0   21.
    108    108  -62.3   14.7  -10.3   -1.7  -2E-6   2E-3    398.6  312.6   17.
     69   69.3  -64.4    8.7   -3.3   0.25  -3E-6   2E-3    447.9  298.2    9.
-----------next-------------
 
___________________________________________________ 
 Profile Time:  21  4  3  7  0
 Profile:       1   32.3887  -84.8299  ( 57, 54)
 
          SHGT   PRSS   TPP1   DIFR   PBLH   USTR   DSWF   SHTF   LHTF   T02M   U10M   V10M
                  hPa                                                                      
   1014    125   1014      0      0   53.6   0.24      0  -31.0   0.99    3.5   -3.4   -1.8                     
 
          PRES   TEMP   UWND   VWND   WWND   DIFW   SPHU     TPOT   WDIR   WSP
                   oC    m/s    m/s   mb/h          g/kg       oK    deg    m/
   1013   1013    4.6   -3.5   -2.0   17.5  -1E-5    3.1    276.7   68.1    4.
   1011   1011    6.5   -4.5   -2.1   39.4   1E-4    3.0    278.8   72.8    5.
   1007   1007    7.0   -4.5   -1.3   45.6   1E-4    2.9    279.6   81.0    4.
   1000   1000    7.1   -4.0      0   39.1   4E-6    2.7    280.3   97.7    4.
    990    990    7.0   -3.4    1.2   28.1   1E-4    2.6    280.9  117.7    3.
    981    980    6.9   -3.6    2.3   19.8  -1E-4    2.5    281.6  129.7    4.
    966    966    6.7   -4.6    3.4   18.3  -2E-4    2.2    282.6  134.3    5.
    947    947    5.7   -4.5    2.5   16.8   2E-4    2.1    283.2  126.7    5.
    928    927    4.4   -3.8    1.2   14.7  -2E-5    2.0    283.6  114.8    4.
    906    906    3.2   -3.0  -0.17    8.8   2E-5    1.9    284.3   94.5    3.
    882    881    2.4   -2.5  -0.86    1.3  -1E-4    1.6    285.6   78.7    2.
    855    855    2.1   -2.8  -0.86   -1.7  -5E-5    1.1    287.9   80.7    2.
    826    826    2.6   -1.7   -1.4   -2.5  -2E-5   0.56    291.2   59.0    2.
    795    795    3.1  -0.27   -1.7      0  -3E-5   0.18    295.1   16.8    1.
    761    761    2.8    2.5   -1.5    4.9   3E-5   1E-1    298.4  307.5    2.
    727    727    1.1    4.7   -2.0    3.3  -1E-4   0.25    300.4  300.4    5.
    694    693  -0.77    6.0   -4.1    1.4   2E-5   0.48    302.5  312.4    7.
    660    660   -2.5    6.5   -6.3    5.0   1E-4   0.61    304.8  321.8    9.
    626    626   -4.6    7.0   -7.8    6.8   3E-5   0.55    307.1  325.8   10.
    592    592   -7.0    7.6   -9.0    4.2   1E-4   0.43    309.1  327.4   11.
    559    558  -10.0    8.6   -9.8   -1.7  -1E-6   0.31    310.9  326.2   13.
    525    525  -13.3    9.9  -10.7   -9.4  -4E-6   0.21    312.5  324.8   14.
    491    491  -16.9   11.0  -12.0  -15.7  -4E-5   0.15    314.1  325.3   16.
    455    455  -21.1   12.1  -13.3  -19.6   3E-5   0.12    315.8  325.5   18.
    416    416  -26.0   13.8  -13.7  -20.8   1E-5   1E-1    317.5  322.6   19.
    378    378  -31.5   16.1  -13.1  -21.2   1E-5   1E-1    319.2  316.9   20.
    339    339  -37.5   18.6  -12.7  -20.9   1E-5   4E-2    321.1  311.9   22.
    301    301  -43.9   20.7  -12.4  -18.3  -2E-7   3E-2    323.3  308.5   24.
    262    262  -50.6   22.1  -12.3  -14.1  -1E-5   2E-2    326.5  306.8   25.
    224    223  -55.8   22.7  -13.4   -9.0  -1E-5   1E-2    333.6  308.3   26.
    185    185  -58.5   21.8  -11.9   -3.6   3E-6   1E-2    347.8  306.3   24.
    146    146  -59.5   19.2   -8.7  -0.42  -1E-5   3E-3    370.1  302.1   21.
    108    108  -62.7   15.2   -9.2  -0.53  -5E-6   2E-3    398.0  308.9   17.
     69   69.3  -64.6    8.8   -2.6   -1.5   2E-6   2E-3    447.5  294.4    9.
-----------next-------------
 
___________________________________________________ 
 Profile Time:  21  4  3  8  0
 Profile:       1   32.3887  -84.8299  ( 57, 54)
 
          SHGT   PRSS   TPP1   DIFR   PBLH   USTR   DSWF   SHTF   LHTF   T02M   U10M   V10M
                  hPa                                                                      
   1015    125   1015      0      0   33.6   1E-1      0  -10.2      0    1.8   -2.9  -0.46                     
 
          PRES   TEMP   UWND   VWND   WWND   DIFW   SPHU     TPOT   WDIR   WSP
                   oC    m/s    m/s   mb/h          g/kg       oK    deg    m/
   1014   1014    3.6   -2.7  -0.15   12.7  -2E-5    3.1    275.6   94.6    2.
   1012   1012    5.7   -3.3   0.10   14.8  -2E-5    2.9    277.9   99.4    3.
   1008   1008    6.6   -3.4   0.58    5.9   1E-4    2.8    279.1  107.3    3.
   1001   1001    6.7   -3.2    1.0   -2.1   2E-4    2.7    279.8  115.6    3.
    991    991    6.8   -3.4    2.0   -3.9  -2E-4    2.5    280.7  127.8    3.
    981    981    6.8   -3.7    3.2   -7.2   1E-4    2.4    281.5  138.0    4.
    967    967    6.5   -4.1    3.8  -10.1   1E-4    2.2    282.3  140.5    5.
    948    948    5.4   -3.8    3.1  -12.1  -2E-4    2.1    282.9  136.7    4.
    928    928    4.1   -3.3    2.0  -14.7  -1E-4    2.0    283.3  129.3    3.
    907    906    2.9   -2.9   0.49  -14.7   1E-4    1.9    284.0  107.3    2.
    883    882    2.0   -2.8  -0.30   -9.1  -1E-5    1.6    285.2   91.6    2.
    856    856    1.5   -2.3   0.31   -6.6  -3E-5    1.2    287.1  105.2    2.
    827    827    1.6  -0.75  -0.53   -6.7  -4E-5   0.75    290.1   62.4    0.
    796    795    2.8    1.2  -0.98   -5.2   4E-5   0.23    294.6  316.0    1.
    762    762    2.7    3.8   -1.2   -8.6  -1E-4   0.10    298.2  295.7    4.
    728    728   0.94    5.2   -2.3  -13.1   4E-5   0.26    300.2  301.1    5.
    694    694  -0.84    5.7   -4.3   -9.6  -1E-5   0.51    302.3  314.8    7.
    661    660   -2.6    5.9   -6.1   -1.0  -3E-5   0.63    304.6  323.5    8.
    627    626   -4.6    6.3   -7.2   10.4   1E-4   0.57    306.9  326.5    9.
    593    593   -7.1    7.0   -8.0   22.1  -4E-5   0.44    309.0  326.7   10.
    559    559  -10.0    8.1   -9.0   29.1   2E-5   0.31    310.8  325.5   12.
    525    525  -13.3    9.5  -10.1   28.9   4E-5   0.20    312.4  324.3   13.
    492    491  -16.9   10.7  -11.4   22.5  -4E-6   0.14    314.0  324.5   15.
    455    455  -21.2   11.7  -12.6   15.5  -2E-5   0.11    315.6  324.8   17.
    417    417  -26.3   13.3  -13.7   10.8   3E-5   1E-1    317.2  323.5   19.
    378    378  -31.7   15.9  -13.9    7.1   1E-5   1E-1    318.9  319.0   21.
    340    339  -37.7   18.8  -12.9    1.4   1E-5   4E-2    320.7  312.1   22.
    301    301  -44.3   20.7  -11.8   -3.0   1E-5   3E-2    322.8  307.4   23.
    262    262  -50.6   22.2  -12.2   -3.9   2E-6   2E-2    326.3  306.5   25.
    224    224  -55.4   24.1  -12.9   -4.4  -4E-6   1E-2    334.1  305.9   27.
    185    185  -58.2   22.9  -11.1   -4.1  -4E-6   1E-2    348.2  303.7   25.
    147    146  -59.7   18.5   -9.4   -2.3  -1E-5   3E-3    369.8  304.7   20.
    108    108  -63.2   14.5  -10.1   0.21  -5E-7   2E-3    397.0  312.6   17.
     69   69.3  -65.2    9.4   -2.3   0.82  -1E-5   2E-3    446.2  291.4    9.
-----------next-------------
 
___________________________________________________ 
 Profile Time:  21  4  3  9  0
 Profile:       1   32.3887  -84.8299  ( 57, 54)
 
          SHGT   PRSS   TPP1   DIFR   PBLH   USTR   DSWF   SHTF   LHTF   T02M   U10M   V10M
                  hPa                                                                      
   1015    125   1015      0      0    9.6   5E-2      0   -5.3      0    1.6   -2.3  -0.27                     
 
          PRES   TEMP   UWND   VWND   WWND   DIFW   SPHU     TPOT   WDIR   WSP
                   oC    m/s    m/s   mb/h          g/kg       oK    deg    m/
   1014   1014    3.5   -2.2  -1E-1   12.7   1E-4    2.9    275.5   96.0    2.
   1012   1012    4.9   -2.1   0.28    9.9  -1E-5    2.8    277.2  105.3    2.
   1008   1008    5.8   -2.2   0.52    2.2   1E-4    2.8    278.4  110.7    2.
   1001   1001    6.4   -2.8    1.2      0   1E-4    2.6    279.5  121.0    3.
    991    991    6.7   -3.2    2.5   -5.4  -2E-4    2.4    280.6  135.2    4.
    982    981    6.9   -3.7    3.5  -12.1  -2E-4    2.2    281.5  141.4    5.
    967    967    6.4   -3.6    3.7  -16.5  -1E-4    2.1    282.2  142.9    5.
    948    948    5.2   -3.3    3.0  -19.0  -4E-5    2.0    282.6  140.3    4.
    928    928    3.9   -3.0    2.0  -15.3   1E-4    2.0    283.1  131.0    3.
    907    906    2.8   -2.9   0.63   -3.6   1E-4    1.9    283.8  110.0    3.
    883    882    1.8   -2.9  -0.11   12.4  -3E-5    1.6    285.0   95.4    2.
    856    856    1.3   -2.0   0.27   13.5   1E-5    1.2    286.9  105.4    2.
    827    827    1.5  -0.31  -0.24    6.6   2E-5   0.76    290.0   59.0    0.
    796    795    2.6    1.8   -1.0    5.2  -2E-5   0.24    294.5  307.3    2.
    762    762    2.5    4.1   -2.0    1.0   2E-5   1E-1    298.0  303.5    4.
    728    728   0.91    4.8   -3.3  -0.83  -4E-5   0.28    300.1  312.5    5.
    694    694  -0.65    4.8   -5.0    8.1   2E-5   0.56    302.5  324.0    6.
    661    660   -2.2    5.1   -6.3   20.3  -4E-5   0.66    305.1  328.5    8.
    627    626   -4.2    5.7   -6.9   28.4  -3E-5   0.55    307.5  328.1    9.
    593    593   -6.7    6.7   -7.5   30.5   3E-5   0.40    309.5  326.0   10.
    559    559   -9.7    8.2   -8.5   28.4  -2E-5   0.27    311.2  323.7   11.
    525    525  -13.1    9.8   -9.8   23.8  -3E-6   0.18    312.7  322.7   13.
    492    491  -16.8   10.9  -10.9   17.8   3E-5   0.13    314.2  322.7   15.
    455    455  -21.1   11.9  -12.1   11.7  -5E-6   0.11    315.7  323.2   17.
    417    417  -26.2   13.7  -13.1    4.9   1E-5   1E-1    317.2  321.4   19.
    378    378  -31.8   16.5  -13.1   -3.6   3E-5   1E-1    318.8  316.1   21.
    340    339  -38.0   18.8  -12.0  -10.2  -1E-5   5E-2    320.2  310.2   22.
    301    301  -44.6   20.8  -11.6  -11.9  -4E-6   3E-2    322.2  306.7   23.
    262    262  -50.8   24.0  -13.3  -12.2   1E-5   2E-2    326.1  306.6   27.
    224    224  -55.7   26.2  -14.1  -11.8   1E-5   1E-2    333.7  306.1   29.
    185    185  -58.3   24.4  -11.1   -9.4  -1E-5   1E-2    348.1  302.1   26.
    147    146  -59.8   19.0   -9.2   -5.5  -3E-6   3E-3    369.6  303.6   21.
    108    108  -63.3   14.6  -10.1   -1.2   1E-5   2E-3    396.7  312.2   17.
     69   69.3  -65.5   10.9   -2.9    1.2  -3E-6   2E-3    445.6  292.4   11.
-----------next-------------
 
___________________________________________________ 
 Profile Time:  21  4  3 10  0
 Profile:       1   32.3887  -84.8299  ( 57, 54)
 
          SHGT   PRSS   TPP1   DIFR   PBLH   USTR   DSWF   SHTF   LHTF   T02M   U10M   V10M
                  hPa                                                                      
   1015    125   1015      0      0    9.6   3E-2      0   -3.0      0    1.6   -1.7  -0.54                     
 
          PRES   TEMP   UWND   VWND   WWND   DIFW   SPHU     TPOT   WDIR   WSP
                   oC    m/s    m/s   mb/h          g/kg       oK    deg    m/
   1014   1014    3.4   -1.5  -0.39   11.5  -5E-5    2.8    275.5   83.6    1.
   1012   1012    4.7   -1.5      0    6.6  -3E-5    2.8    276.9   97.7    1.
   1008   1008    5.3   -1.8   0.28   -1.9  -3E-5    2.7    277.9  106.4    1.
   1001   1001    6.1   -2.9    1.3   -7.6  -1E-4    2.5    279.2  122.3    3.
    991    991    6.8   -3.6    2.7  -13.1   1E-4    2.3    280.7  134.7    4.
    981    981    6.9   -3.9    3.5  -17.0   1E-4    2.1    281.6  139.6    5.
    967    967    6.3   -3.7    3.1  -16.8   2E-5    2.0    282.2  138.0    4.
    948    947    5.1   -3.3    2.3  -14.2  -1E-5    2.0    282.6  132.6    4.
    928    928    3.9   -3.3    1.3  -12.3   1E-4    2.0    283.0  119.4    3.
    907    906    2.7   -3.6   0.49   -5.6  -5E-5    1.9    283.7  105.5    3.
    883    882    1.7   -3.3   0.34    1.3   2E-5    1.6    284.9  103.6    3.
    856    856    1.3   -1.5   0.38    1.9  -2E-5    1.2    287.0  111.9    1.
    827    827    1.6   0.61   0.15   -1.7   2E-5   0.73    290.1  264.2    0.
    796    795    2.8    2.7   -1.1   -2.4  -1E-5   0.19    294.6  299.2    2.
    762    762    2.3    4.6   -2.1   -3.3   3E-5   1E-1    297.8  302.1    5.
    728    728   0.74    4.9   -3.0   -5.3   5E-5   0.31    300.0  309.8    5.
    694    694  -0.79    4.8   -4.3   -7.8  -1E-5   0.58    302.4  319.6    6.
    661    660   -2.3    5.2   -5.4  -11.6   4E-6   0.68    305.0  323.8    7.
    627    626   -4.2    6.1   -6.0  -10.6  -1E-4   0.55    307.4  322.6    8.
    593    593   -6.7    7.3   -6.7   -6.4   3E-5   0.38    309.5  320.3    9.
    559    559   -9.7    8.6   -7.9  -0.94  -1E-5   0.26    311.1  320.2   11.
    525    525  -13.1   10.0   -9.0    4.5  -3E-5   0.18    312.7  319.7   13.
    492    491  -16.7   11.0   -9.9    8.5  -3E-5   0.14    314.2  319.6   14.
    455    455  -21.0   12.3  -10.9   10.0      0   0.11    315.8  319.2   16.
    417    417  -26.2   14.3  -11.6    8.7  -1E-5   1E-1    317.2  316.7   18.
    378    378  -32.0   16.2  -11.3    6.7  -1E-5   1E-1    318.5  312.6   19.
    340    339  -38.5   17.7  -10.4    6.1   1E-6   1E-1    319.7  308.2   20.
    301    301  -44.9   20.6  -11.6    6.1   2E-6   4E-2    321.8  307.1   23.
    262    262  -50.8   25.6  -15.1    6.6  -1E-5   3E-2    326.1  308.2   29.
    224    224  -55.4   27.3  -15.0    5.7  -1E-5   1E-2    334.2  306.4   31.
    185    185  -57.6   24.7  -10.8    2.2  -1E-5   1E-2    349.2  301.2   26.
    147    146  -59.4   20.2   -8.6   -3.1  -1E-6   3E-3    370.2  300.9   22.
    108    108  -63.6   13.4   -9.6   -4.9  -1E-5   2E-3    396.2  313.4   16.
     69   69.3  -65.6   11.5   -3.8   -2.4   4E-6   2E-3    445.4  295.9   12.
-----------next-------------
 
___________________________________________________ 
 Profile Time:  21  4  3 11  0
 Profile:       1   32.3887  -84.8299  ( 57, 54)
 
          SHGT   PRSS   TPP1   DIFR   PBLH   USTR   DSWF   SHTF   LHTF   T02M   U10M   V10M
                  hPa                                                                      
   1016    125   1016      0      0   31.2   0.12      0  -15.3   0.99    1.9   -2.9   -1.4                     
 
          PRES   TEMP   UWND   VWND   WWND   DIFW   SPHU     TPOT   WDIR   WSP
                   oC    m/s    m/s   mb/h          g/kg       oK    deg    m/
   1015   1015    3.5   -2.9   -1.4   21.2  -2E-5    2.7    275.5   71.3    3.
   1013   1013    5.6   -3.0  -0.52   23.7  -1E-4    2.6    277.7   88.1    3.
   1009   1009    5.9   -3.2   0.26   17.5   1E-4    2.5    278.4  102.3    3.
   1002   1002    6.5   -3.8    1.4    9.0   4E-5    2.4    279.6  117.9    4.
    992    992    7.1   -4.3    2.5    1.6  -5E-5    2.1    280.9  127.8    5.
    982    982    7.0   -4.6    2.8   -4.6   2E-4    2.0    281.6  129.1    5.
    968    968    6.3   -4.6    2.2   -2.2  -1E-4    2.0    282.1  123.2    5.
    949    948    5.2   -4.5    1.3  -0.99  -1E-4    1.9    282.6  113.8    4.
    929    929    4.0   -4.5   0.49   -3.9   1E-4    1.9    283.0  103.8    4.
    908    907    2.8   -4.7   0.17   -3.8  -1E-4    1.8    283.8   99.7    4.
    883    883    2.0   -4.0   0.20   -1.9   4E-5    1.5    285.1  100.6    4.
    857    857    1.4   -2.1   0.41    2.0  -1E-5    1.1    287.0  109.0    2.
    828    828    1.8   0.93  -0.10    5.0  -3E-5   0.69    290.2  284.0    0.
    796    796    2.8    3.1   -1.8    2.0   2E-5   0.15    294.6  307.7    3.
    763    762    2.2    4.6   -2.8    3.2  -1E-5   0.11    297.6  308.5    5.
    729    728   0.73    4.8   -3.2    8.7  -2E-5   0.34    299.9  310.8    5.
    695    695  -0.68    4.9   -3.9   10.3  -3E-5   0.63    302.4  316.4    6.
    661    661   -2.2    5.3   -4.8    6.7   1E-4   0.70    305.0  320.2    7.
    627    627   -4.2    6.1   -5.2    5.9   1E-4   0.55    307.4  318.1    8.
    594    593   -6.6    7.2   -6.0   12.3   2E-5   0.38    309.4  317.3    9.
    560    559   -9.5    8.7   -7.1   21.0   2E-5   0.25    311.3  317.0   11.
    526    526  -12.9   10.2   -7.8   24.2  -2E-5   0.18    312.8  315.0   12.
    492    492  -16.6   11.3   -8.1   22.7  -2E-5   0.15    314.3  313.2   13.
    456    456  -21.0   12.6   -8.5   19.7  -3E-5   0.13    315.7  311.5   15.
    417    417  -26.2   14.2   -8.7   16.3  -1E-5   0.11    317.1  309.2   16.
    379    378  -32.1   15.7   -8.0   13.9  -1E-6   1E-1    318.3  304.8   17.
    340    340  -38.5   18.1   -7.3   13.1  -4E-6   1E-1    319.5  299.8   19.
    301    301  -44.9   21.4  -10.3   12.3   2E-5   1E-1    321.7  303.4   23.
    263    262  -50.7   25.8  -14.2   12.1   1E-5   3E-2    326.1  306.5   29.
    224    224  -55.1   27.5  -13.8   10.5   1E-5   1E-2    334.5  304.3   30.
    185    185  -57.7   25.4  -11.0    4.7   5E-6   4E-3    349.0  301.0   27.
    147    147  -59.4   20.3   -9.3   -1.7  -1E-5   3E-3    370.2  302.3   22.
    108    108  -63.4   12.9  -10.1   -1.7   1E-6   2E-3    396.6  315.6   16.
     69   69.3  -65.5   13.1   -4.1   0.14   1E-5   2E-3    445.6  295.3   13.
-----------next-------------
 
___________________________________________________ 
 Profile Time:  21  4  3 12  0
 Profile:       1   32.3887  -84.8299  ( 57, 54)
 
          SHGT   PRSS   TPP1   DIFR   PBLH   USTR   DSWF   SHTF   LHTF   T02M   U10M   V10M
                  hPa                                                                      
   1017    125   1017      0      0   33.6   0.19   70.3   -8.8    9.0    3.1   -2.1   -1.2                     
 
          PRES   TEMP   UWND   VWND   WWND   DIFW   SPHU     TPOT   WDIR   WSP
                   oC    m/s    m/s   mb/h          g/kg       oK    deg    m/
   1016   1016    3.3   -2.0   -1.2   13.2   3E-6    2.8    275.2   67.1    2.
   1014   1013    4.9   -2.9  -0.48   19.2  -1E-4    2.6    277.0   88.2    2.
   1010   1010    5.7   -3.2   0.48   15.2  -1E-4    2.4    278.1  106.2    3.
   1003   1003    6.5   -3.8    1.6    6.1  -4E-5    2.3    279.5  120.4    4.
    993    993    7.0   -4.4    2.4   -3.4  -1E-4    2.1    280.8  126.4    5.
    983    983    7.0   -4.6    2.7   -9.7   2E-4    1.9    281.5  128.1    5.
    969    969    6.2   -4.8    2.2   -9.4   1E-4    1.9    282.0  121.9    5.
    949    949    5.1   -5.1    1.3   -6.1  -1E-4    1.8    282.4  111.9    5.
    930    930    4.0   -5.2   0.62   -1.4  -1E-4    1.7    282.9  104.6    5.
    908    908    2.8   -4.9   0.59    4.2  -2E-5    1.6    283.6  104.5    5.
    884    884    1.8   -3.8   0.68    7.0  -1E-4    1.4    284.9  107.8    3.
    858    857    1.4   -1.5   0.81    2.4  -1E-5    1.1    287.0  126.1    1.
    829    828    1.5    1.2  -0.24   -1.5   3E-5   0.72    289.9  288.8    1.
    797    797    2.5    3.3   -2.0  -0.68   2E-5   0.17    294.1  308.9    3.
    763    763    1.9    4.4   -3.2    3.7   3E-5   0.11    297.2  313.4    5.
    729    729   0.64    4.7   -3.3    5.2   1E-5   0.37    299.7  312.5    5.
    696    695  -0.67    4.7   -3.8   -1.2   5E-5   0.67    302.3  316.5    6.
    662    661   -2.3    5.0   -4.4  -10.0   5E-5   0.72    304.9  319.0    6.
    628    628   -4.2    5.8   -4.7  -16.6  -4E-5   0.56    307.3  316.6    7.
    594    594   -6.6    6.9   -5.6  -19.6   1E-5   0.38    309.4  316.6    8.
    560    560   -9.4    8.2   -6.4  -17.8   2E-6   0.26    311.3  315.7   10.
    526    526  -12.8    9.6   -6.6  -12.0  -4E-5   0.19    312.9  312.1   11.
    492    492  -16.5   11.2   -6.3   -4.4  -2E-5   0.16    314.4  307.1   12.
    456    456  -20.9   12.8   -6.0   0.71   2E-5   0.13    315.7  302.9   14.
    418    417  -26.3   14.1   -5.7    3.0   1E-5   1E-1    317.0  299.7   15.
    379    379  -32.2   15.5   -5.4    3.7  -1E-5   1E-1    318.0  296.9   16.
    340    340  -38.4   18.7   -7.7    5.8   1E-5   1E-1    319.6  300.1   20.
    301    301  -44.6   23.1  -11.6    8.0   1E-5   1E-1    322.1  304.3   25.
    263    263  -50.4   27.6  -13.5    9.4   1E-5   2E-2    326.5  303.8   30.
    224    224  -55.0   28.7  -12.9   10.4  -3E-6   1E-2    334.7  301.8   31.
    185    185  -57.5   26.9  -10.6    7.5   3E-6   4E-3    349.2  299.3   28.
    147    147  -59.5   20.1   -9.6   0.60   2E-5   2E-3    370.0  303.1   22.
    108    108  -63.4   12.7  -10.1   -1.7   1E-5   2E-3    396.3  316.0   16.
     69   69.3  -66.0   12.6   -4.4   0.21  -1E-5   2E-3    444.4  296.7   13.
-----------next-------------
 
___________________________________________________ 
 Profile Time:  21  4  3 13  0
 Profile:       1   32.3887  -84.8299  ( 57, 54)
 
          SHGT   PRSS   TPP1   DIFR   PBLH   USTR   DSWF   SHTF   LHTF   T02M   U10M   V10M
                  hPa                                                                      
   1017    125   1017      0      0    105   0.26    311   49.8   51.8    6.3   -1.4   0.26                     
 
          PRES   TEMP   UWND   VWND   WWND   DIFW   SPHU     TPOT   WDIR   WSP
                   oC    m/s    m/s   mb/h          g/kg       oK    deg    m/
   1016   1016    6.1   -1.3   0.42    4.1   2E-5    3.1    278.0  115.4    1.
   1014   1014    5.8   -1.6   0.45    3.5   1E-5    3.0    277.9  113.1    1.
   1010   1010    5.7   -1.9   0.39    2.1   3E-5    2.8    278.0  109.6    1.
   1003   1003    6.1   -3.8    1.6    3.5  -1E-4    2.4    279.0  121.0    4.
    993    993    6.7   -5.1    3.0    5.4  -1E-4    2.0    280.4  128.4    5.
    983    983    6.7   -5.3    3.5    3.6  -1E-4    1.9    281.2  131.0    6.
    969    969    6.0   -5.3    3.0    1.5   1E-4    1.8    281.7  127.1    6.
    950    949    4.9   -5.4    1.8   -1.6  -1E-4    1.8    282.2  116.7    5.
    930    930    3.8   -5.4   0.77   -7.2   5E-5    1.7    282.8  105.7    5.
    908    908    2.7   -4.7   0.41  -11.9  -1E-4    1.6    283.6  102.6    4.
    884    884    1.8   -3.1   0.67  -14.5  -1E-5    1.4    284.9  109.7    3.
    858    857    1.6  -0.75   0.77  -11.9  -2E-5    1.1    287.2  143.3    1.
    829    828    2.1    1.5  -0.88   -4.6  -1E-4   0.62    290.5  308.3    1.
    797    797    2.7    2.9   -2.8   -1.1   4E-5   0.14    294.4  321.9    4.
    763    763    2.1    3.5   -3.4   -1.1   4E-5   0.16    297.4  321.7    4.
    730    729   0.98    3.7   -3.4   -2.7  -5E-5   0.47    300.1  320.1    5.
    696    695  -0.40    3.8   -3.8   -6.2  -2E-5   0.74    302.6  322.8    5.
    662    662   -2.2    4.4   -4.1   -9.1   1E-5   0.73    304.9  320.6    6.
    628    628   -4.3    5.5   -4.4  -10.2  -1E-5   0.59    307.2  316.0    7.
    594    594   -6.7    6.8   -5.0  -11.3   5E-5   0.41    309.3  313.7    8.
    560    560   -9.6    8.3   -5.4   -9.5  -1E-4   0.28    311.2  310.8    9.
    526    526  -13.0   10.1   -5.4   -5.1   2E-5   0.21    312.7  305.7   11.
    493    492  -16.7   12.1   -4.8   -2.0   3E-5   0.16    314.1  299.4   13.
    456    456  -21.1   13.9   -4.3   -1.6   2E-5   0.12    315.5  295.0   14.
    418    417  -26.5   14.9   -4.1   0.66   2E-5   1E-1    316.7  293.1   15.
    379    379  -32.3   16.4   -5.1    2.8  -5E-6   0.11    318.0  295.1   17.
    340    340  -38.4   19.6   -8.3    3.8  -1E-5   0.13    319.6  300.5   21.
    301    301  -44.7   23.8  -11.3    5.2  -4E-6   1E-1    321.9  303.1   26.
    263    263  -50.5   28.2  -12.8    6.5   5E-6   2E-2    326.3  302.0   31.
    224    224  -54.7   29.6  -11.6    6.9  -5E-7   1E-2    335.1  299.1   31.
    185    185  -57.2   27.2   -9.4    4.8   3E-6   4E-3    349.8  296.7   28.
    147    147  -59.4   19.8   -9.3   0.55  -3E-5   2E-3    370.1  302.9   21.
    108    108  -63.3   12.5   -9.7   -2.2  -1E-5   2E-3    396.6  315.5   15.
     69   69.3  -66.2   14.0   -4.6   -2.0  -3E-6   2E-3    444.1  295.8   14.
-----------next-------------
 
___________________________________________________ 
 Profile Time:  21  4  3 14  0
 Profile:       1   32.3887  -84.8299  ( 57, 54)
 
          SHGT   PRSS   TPP1   DIFR   PBLH   USTR   DSWF   SHTF   LHTF   T02M   U10M   V10M
                  hPa                                                                      
   1018    125   1018      0      0    344   0.38    550    112    119    9.3   -1.7    1.2                     
 
          PRES   TEMP   UWND   VWND   WWND   DIFW   SPHU     TPOT   WDIR   WSP
                   oC    m/s    m/s   mb/h          g/kg       oK    deg    m/
   1017   1017    8.9   -1.7    1.2    1.8   3E-5    2.8    280.8  133.9    2.
   1014   1014    8.6   -2.1    1.5    2.6      0    2.7    280.6  132.8    2.
   1011   1010    8.2   -2.3    1.6    3.1   4E-5    2.6    280.6  132.1    2.
   1003   1003    7.7   -2.6    1.7    4.6  -1E-4    2.5    280.6  131.5    3.
    994    993    7.0   -2.9    1.9    7.7  -4E-5    2.4    280.6  131.3    3.
    984    984    6.3   -3.5    2.4    6.0   2E-5    2.2    280.8  131.9    4.
    969    969    5.8   -5.1    3.3    6.1   1E-4    1.8    281.5  130.7    6.
    950    950    4.8   -5.5    2.7   10.4  -1E-4    1.8    282.0  123.6    6.
    931    930    3.7   -5.5    1.7   13.6   4E-5    1.7    282.6  114.6    5.
    909    909    2.6   -4.7    1.0   12.7   1E-4    1.6    283.5  109.7    4.
    885    884    1.8   -2.3   0.72    6.1      0    1.4    284.8  115.0    2.
    858    858    1.5  -5E-2   0.87   -1.7   1E-5    1.1    287.0  184.6    0.
    829    829    1.9    2.2  -0.67   -2.2   5E-6   0.64    290.2  295.0    2.
    798    797    2.6    3.0   -2.5   -1.4   2E-5   0.14    294.2  317.5    3.
    764    763    2.1    3.4   -2.9  -0.57  -4E-6   0.20    297.3  317.7    4.
    730    730    1.0    3.5   -3.0    2.1   2E-5   0.54    300.1  317.8    4.
    696    696  -0.40    3.5   -3.2    2.2   1E-5   0.77    302.6  320.4    4.
    662    662   -2.3    4.3   -3.6   -3.5  -1E-4   0.76    304.8  317.5    5.
    628    628   -4.4    5.9   -4.0  -10.3   1E-5   0.62    307.0  311.8    7.
    594    594   -6.8    7.4   -4.3  -12.3   5E-5   0.43    309.2  307.8    8.
    561    560   -9.7    8.8   -4.7   -6.0  -1E-4   0.29    310.9  305.9    9.
    527    526  -13.1   10.5   -4.9    3.3  -1E-4   0.23    312.4  302.7   11.
    493    492  -16.8   12.5   -4.7    7.6  -3E-5   0.16    313.9  298.3   13.
    456    456  -21.2   14.3   -4.4    6.8   2E-5   1E-1    315.4  294.8   15.
    418    418  -26.4   15.5   -4.3    6.5  -1E-5   0.12    316.7  293.1   16.
    379    379  -32.2   17.3   -6.0    7.2  -1E-5   0.22    318.0  296.8   18.
    340    340  -38.5   19.9   -8.6    8.1   1E-5   0.16    319.5  301.1   21.
    302    301  -44.8   24.4  -10.8    9.2  -1E-5   1E-1    321.8  301.7   26.
    263    263  -50.5   27.9  -11.3    8.9  -1E-5   2E-2    326.4  299.8   30.
    224    224  -54.6   29.3  -10.1    5.0   2E-6   1E-2    335.3  296.7   31.
    185    185  -56.9   27.2   -8.7   -2.2  -3E-6   4E-3    350.3  295.3   28.
    147    147  -59.5   20.7   -8.0   -6.0   3E-5   2E-3    369.9  298.7   22.
    108    108  -63.6   12.8   -8.9  -0.54  -1E-5   2E-3    396.0  312.6   15.
     69   69.3  -66.2   14.1   -5.6    2.9  -2E-7   2E-3    443.9  299.5   15.
-----------next-------------
 
___________________________________________________ 
 Profile Time:  21  4  3 15  0
 Profile:       1   32.3887  -84.8299  ( 57, 54)
 
          SHGT   PRSS   TPP1   DIFR   PBLH   USTR   DSWF   SHTF   LHTF   T02M   U10M   V10M
                  hPa                                                                      
   1018    125   1018      0      0    809   0.50    756    177    180   11.0   -2.3    1.7                     
 
          PRES   TEMP   UWND   VWND   WWND   DIFW   SPHU     TPOT   WDIR   WSP
                   oC    m/s    m/s   mb/h          g/kg       oK    deg    m/
   1017   1016   10.6   -2.3    1.6    2.9  -4E-5    2.6    282.4  133.3    2.
   1014   1014   10.2   -2.8    1.9    3.9   1E-4    2.5    282.2  132.7    3.
   1011   1010    9.8   -3.1    2.1    4.8   5E-5    2.4    282.1  132.3    3.
   1003   1003    9.1   -3.3    2.2    6.7  -1E-4    2.3    282.0  132.1    4.
    994    993    8.3   -3.4    2.3    7.8  -1E-5    2.3    282.0  131.7    4.
    984    984    7.6   -3.5    2.3   10.4  -2E-4    2.2    282.0  131.4    4.
    969    969    6.4   -3.6    2.3    9.3  -2E-4    2.2    282.1  130.7    4.
    950    950    4.8   -3.8    2.3    6.2  -2E-4    2.1    282.1  129.2    4.
    931    930    3.4   -4.6    2.3    1.2   1E-4    1.9    282.3  124.2    5.
    909    909    2.3   -4.8    1.8    1.4  -2E-5    1.6    283.1  118.1    5.
    885    884    1.4   -3.1    1.2    3.8  -1E-5    1.5    284.4  118.8    3.
    858    858    1.4   0.17   0.84    2.5   4E-6    1.1    286.8  199.2    0.
    829    829    1.5    2.2  -0.76   -1.1   2E-5   0.65    289.8  296.7    2.
    798    797    2.3    2.8   -2.5   -5.3   4E-5   0.15    293.9  319.6    3.
    764    763    2.1    3.3   -2.9   -7.9  -2E-6   0.25    297.3  319.2    4.
    730    730    1.2    3.3   -2.9   -7.8  -1E-5   0.61    300.3  318.4    4.
    696    696  -0.25    3.4   -2.9   -7.4   3E-5   0.81    302.8  318.5    4.
    662    662   -2.1    4.7   -3.1   -8.4  -4E-5   0.77    305.0  311.1    5.
    628    628   -4.1    6.6   -3.1   -9.5   4E-5   0.59    307.4  302.8    7.
    594    594   -6.6    8.1   -3.5   -4.7   2E-5   0.40    309.4  300.9    8.
    561    560   -9.7    9.5   -4.1    4.3  -1E-5   0.30    311.0  300.9   10.
    527    526  -13.2   11.3   -4.2    9.9  -3E-5   0.22    312.4  298.3   12.
    493    492  -16.9   13.1   -4.2   11.0  -5E-7   0.12    313.8  295.5   13.
    456    456  -21.2   14.5   -4.1   10.3   2E-5   0.14    315.4  293.4   15.
    418    417  -26.4   16.0   -4.7    9.4  -2E-5   0.27    316.8  294.2   16.
    379    379  -32.3   17.8   -6.3    8.2  -1E-5   0.29    318.0  297.1   18.
    340    340  -38.6   20.9   -8.8    6.0   1E-5   0.18    319.3  300.6   22.
    302    301  -44.9   24.3  -10.1    2.2  -5E-6   1E-1    321.7  300.1   26.
    263    263  -50.5   27.5  -10.0   -1.9  -1E-5   2E-2    326.3  297.7   29.
    224    224  -54.6   29.1   -8.9   -5.0   1E-5   4E-3    335.2  294.7   30.
    185    185  -56.5   27.7   -8.5   -4.5  -1E-5   3E-3    350.8  294.8   29.
    147    147  -59.5   22.8   -6.9  -0.26  -1E-5   2E-3    370.0  294.4   23.
    108    108  -63.3   14.3   -8.4    3.3   5E-7   2E-3    396.7  308.3   16.
     69   69.3  -65.8   12.3   -6.8    1.6  -4E-6   2E-3    444.8  306.6   14.
-----------next-------------
 
___________________________________________________ 
 Profile Time:  21  4  3 16  0
 Profile:       1   32.3887  -84.8299  ( 57, 54)
 
          SHGT   PRSS   TPP1   DIFR   PBLH   USTR   DSWF   SHTF   LHTF   T02M   U10M   V10M
                  hPa                                                                      
   1018    125   1018      0      0   1088   0.56    911    232    224   12.1   -2.6    1.9                     
 
          PRES   TEMP   UWND   VWND   WWND   DIFW   SPHU     TPOT   WDIR   WSP
                   oC    m/s    m/s   mb/h          g/kg       oK    deg    m/
   1017   1017   11.7   -2.6    1.9    2.8   5E-5    2.6    283.5  133.2    3.
   1014   1014   11.2   -3.1    2.2    4.8   4E-5    2.4    283.2  132.5    3.
   1011   1011   10.8   -3.4    2.3    5.8   1E-4    2.4    283.1  132.1    4.
   1003   1003   10.1   -3.7    2.4    8.8  -2E-4    2.3    283.0  131.3    4.
    994    994    9.3   -3.8    2.4   11.4  -2E-4    2.2    283.0  130.4    4.
    984    984    8.5   -3.8    2.4   12.1   3E-4    2.2    282.9  129.7    4.
    970    969    7.3   -3.9    2.3   16.2  -2E-4    2.2    283.0  128.7    4.
    950    950    5.7   -3.9    2.2   17.4   2E-4    2.1    283.0  127.2    4.
    931    931    4.1   -4.0    2.1   17.8   4E-4    2.1    283.0  125.7    4.
    909    909    2.3   -4.0    2.0   17.2   1E-4    2.0    283.1  123.9    4.
    885    885   0.89   -3.6    1.5    8.3   1E-4    1.6    283.8  120.5    3.
    858    858    1.1  -4E-2   0.20   -2.2   4E-6    1.1    286.6  177.1    0.
    829    829    1.4    1.8   -1.6   -4.4  -1E-5   0.61    289.7  318.7    2.
    798    797    2.2    2.1   -3.0   0.61   4E-6   0.17    293.8  332.2    3.
    764    764    2.0    2.8   -3.2    3.1  -1E-5   0.29    297.2  326.5    4.
    730    730    1.0    3.4   -2.7   0.78  -2E-5   0.64    300.1  316.3    4.
    696    696  -0.45    4.1   -2.2   -2.9  -2E-5   0.83    302.5  306.1    4.
    662    662   -2.2    5.9   -2.0   -2.4  -1E-4   0.78    304.9  296.3    6.
    628    628   -4.2    7.5   -2.0  -0.88   1E-5   0.57    307.3  292.5    7.
    595    594   -6.7    8.5   -2.7    1.1  -5E-5   0.40    309.2  295.2    9.
    561    560   -9.7    9.7   -3.3    3.1  -3E-5   0.29    310.9  296.8   10.
    527    526  -13.1   11.2   -3.8    3.9  -1E-5   0.16    312.5  296.2   11.
    493    493  -16.6   13.3   -4.2    4.0  -2E-5   0.15    314.2  295.1   13.
    457    456  -20.9   14.7   -4.5    4.2  -2E-5   0.29    315.7  294.7   15.
    418    418  -26.2   15.6   -4.8    6.2  -5E-7   0.39    317.0  294.7   16.
    379    379  -32.2   17.9   -6.6   10.5  -1E-5   0.33    318.1  297.9   19.
    340    340  -38.6   21.6   -8.5   12.9   1E-5   0.21    319.3  299.1   23.
    302    301  -44.9   24.9   -9.1    9.4   1E-5   1E-1    321.6  297.7   26.
    263    263  -50.5   28.0   -8.7    2.9  -1E-5   2E-2    326.3  295.0   29.
    224    224  -55.1   30.7   -8.3   -4.7   1E-5   5E-3    334.5  292.8   31.
    186    185  -56.9   29.2   -7.9   -8.4  -1E-5   3E-3    350.2  292.8   30.
    147    147  -59.0   23.6   -6.2   -3.8  -1E-5   2E-3    370.7  292.5   24.
    108    108  -62.6   15.6   -7.4    2.5   1E-5   2E-3    398.0  303.0   17.
     69   69.3  -65.9   11.1   -8.5    2.1  -5E-6   2E-3    444.5  315.4   14.
-----------next-------------
 
___________________________________________________ 
 Profile Time:  21  4  3 17  0
 Profile:       1   32.3887  -84.8299  ( 57, 54)
 
          SHGT   PRSS   TPP1   DIFR   PBLH   USTR   DSWF   SHTF   LHTF   T02M   U10M   V10M
                  hPa                                                                      
   1017    125   1017      0      0   1155   0.56   1001    263    257   13.0   -2.4    2.0                     
 
          PRES   TEMP   UWND   VWND   WWND   DIFW   SPHU     TPOT   WDIR   WSP
                   oC    m/s    m/s   mb/h          g/kg       oK    deg    m/
   1016   1016   12.6   -2.4    1.9    1.6   1E-5    2.7    284.4  136.1    3.
   1014   1014   12.1   -2.8    2.2    3.7   1E-5    2.5    284.1  135.7    3.
   1010   1010   11.6   -3.1    2.4   10.1  -1E-4    2.4    284.0  135.3    3.
   1003   1003   10.9   -3.3    2.5   16.8   1E-4    2.4    283.9  134.9    4.
    993    993   10.1   -3.3    2.5   29.0   3E-4    2.3    283.9  134.6    4.
    984    983    9.3   -3.3    2.5   40.7  -3E-5    2.3    283.8  134.4    4.
    969    969    8.1   -3.3    2.5   48.4  -1E-4    2.3    283.9  134.3    4.
    950    949    6.5   -3.3    2.4   56.1   2E-5    2.2    283.9  133.9    4.
    930    930    4.9   -3.2    2.3   55.5   3E-4    2.2    283.9  133.4    4.
    909    908    3.0   -3.1    2.2   46.8   2E-4    2.1    283.9  132.3    3.
    884    884   0.94   -3.0    1.7   29.1  -4E-4    1.9    283.9  127.8    3.
    858    857   0.26  -0.59   0.34    7.7   1E-4    1.3    285.7  127.7    0.
    829    828    1.1    1.6   -1.8  -0.23  -2E-5   0.65    289.5  327.1    2.
    797    797    2.1    1.9   -3.0    1.6   3E-5   0.20    293.7  334.7    3.
    763    763    1.9    2.8   -3.0  -0.23   2E-5   0.34    297.2  324.8    4.
    730    729    1.1    3.5   -2.3   -6.7   2E-5   0.68    300.1  310.8    4.
    696    695  -0.41    5.0   -1.7  -10.0   1E-5   0.84    302.6  296.6    5.
    662    662   -2.1    6.9   -1.3   -8.6   4E-5   0.75    305.1  288.6    7.
    628    628   -4.2    8.4   -1.8  -0.52   1E-4   0.55    307.3  289.9    8.
    594    594   -6.8    9.4   -2.5   10.9  -1E-4   0.40    309.1  292.4    9.
    560    560  -10.0   10.5   -3.2   14.8   1E-5   0.26    310.7  294.8   11.
    526    526  -13.3   12.0   -4.3    9.8  -3E-5   0.17    312.2  297.3   12.
    493    492  -16.8   13.4   -5.5    2.8  -1E-5   0.23    313.9  300.1   14.
    456    456  -21.0   14.4   -5.2   -1.5  -1E-5   0.45    315.6  297.6   15.
    418    417  -26.3   15.7   -5.2   -2.8   4E-6   0.53    316.9  296.0   16.
    379    379  -32.3   18.1   -6.7   -2.5  -1E-6   0.38    317.9  297.9   19.
    340    340  -38.7   21.9   -7.4   -5.7   5E-6   0.22    319.1  296.3   23.
    302    301  -45.1   25.0   -8.3  -10.0   1E-5   1E-1    321.3  296.0   26.
    263    263  -50.5   28.4   -7.8  -12.9  -1E-5   2E-2    326.3  292.9   29.
    224    224  -54.7   30.9   -7.6  -13.6   1E-5   4E-3    335.2  291.5   31.
    185    185  -56.5   28.9   -7.5  -11.2   4E-6   2E-3    350.9  292.3   29.
    147    147  -58.9   23.4   -5.8   -4.9  -1E-5   2E-3    371.0  291.5   24.
    108    108  -62.7   15.9   -6.3    1.7  -4E-6   2E-3    397.7  299.3   17.
     69   69.3  -66.0   10.6   -9.9    2.5  -1E-6   2E-3    444.4  320.7   14.
-----------next-------------
 
___________________________________________________ 
 Profile Time:  21  4  3 18  0
 Profile:       1   32.3887  -84.8299  ( 57, 54)
 
          SHGT   PRSS   TPP1   DIFR   PBLH   USTR   DSWF   SHTF   LHTF   T02M   U10M   V10M
                  hPa                                                                      
   1017    125   1017      0      0   1298   0.52   1011    258    273   13.7   -2.2   0.86                     
 
          PRES   TEMP   UWND   VWND   WWND   DIFW   SPHU     TPOT   WDIR   WSP
                   oC    m/s    m/s   mb/h          g/kg       oK    deg    m/
   1016   1016   13.4   -2.1    1.0    5.2   4E-5    2.8    285.3  123.6    2.
   1013   1013   12.9   -2.5    1.2    3.9  -1E-5    2.6    285.0  124.1    2.
   1010   1010   12.4   -2.7    1.4      0   1E-4    2.6    284.8  125.1    3.
   1002   1002   11.7   -2.7    1.6   -6.6  -2E-4    2.5    284.7  127.4    3.
    993    993   10.9   -2.7    1.8  -22.9   4E-4    2.5    284.7  130.7    3.
    983    983   10.1   -2.7    1.9  -35.0   3E-4    2.5    284.7  132.9    3.
    969    968    8.9   -2.6    2.1  -47.7   1E-3    2.4    284.7  136.9    3.
    949    949    7.3   -2.4    2.3  -58.9   3E-5    2.4    284.7  140.8    3.
    930    930    5.6   -2.3    2.4  -57.4  -1E-3    2.4    284.7  144.5    3.
    908    908    3.8   -2.0    2.7  -43.4   4E-4    2.4    284.7  150.0    3.
    884    884    1.7   -1.6    2.9      0  -3E-4    2.3    284.7  159.2    3.
    857    857   1E-1      0    1.6   21.4  -3E-4    1.5    285.6  187.7    1.
    828    828    1.1    1.9   -1.8   11.9  -2E-5   0.66    289.5  321.6    2.
    797    797    2.3    2.0   -2.5    6.0   5E-6   0.21    294.0  329.4    3.
    763    763    1.7    2.2   -2.2    4.0  -2E-5   0.36    297.0  322.5    3.
    729    729   0.57    2.9   -1.3    4.0  -1E-5   0.67    299.6  302.4    3.
    695    695  -0.88    4.6  -0.79    3.1   1E-4   0.85    302.1  287.5    4.
    662    661   -2.4    6.5   -1.3   -3.4   4E-6   0.73    304.8  289.4    6.
    628    627   -4.3    8.1   -2.3   -8.6   1E-5   0.53    307.2  293.8    8.
    594    594   -6.9    9.4   -3.0  -10.0   1E-4   0.36    309.1  295.1    9.
    560    560  -10.1   10.8   -3.6  -12.6   4E-5   0.24    310.6  296.0   11.
    526    526  -13.5   11.8   -5.0  -17.3  -3E-5   0.19    312.1  300.5   12.
    492    492  -16.9   13.0   -5.5  -19.2   2E-6   0.38    313.9  300.6   14.
    456    456  -21.1   14.5   -4.6  -16.5  -1E-5   0.66    315.5  295.4   15.
    417    417  -26.5   15.9   -3.9  -10.6   5E-6   0.67    316.7  291.6   16.
    379    378  -32.6   17.9   -4.7   -7.1  -1E-5   0.47    317.7  292.5   18.
    340    340  -39.0   20.9   -4.8  -10.2   1E-6   0.26    318.8  290.6   21.
    301    301  -45.3   25.0   -6.9  -14.5   1E-5   1E-1    321.2  293.2   26.
    263    263  -50.6   28.3   -7.5  -12.3   1E-6   3E-2    326.2  292.6   29.
    224    224  -54.8   30.4   -7.8   -7.7  -1E-5   1E-2    335.1  292.0   31.
    185    185  -56.6   29.6   -7.2   -6.4   1E-5   2E-3    350.7  291.3   30.
    147    147  -58.6   24.7   -5.1   -4.1   1E-5   2E-3    371.5  289.3   25.
    108    108  -62.4   17.2   -4.8   0.88  -1E-5   2E-3    398.4  293.1   17.
     69   69.3  -65.7    9.3   -9.9    2.7   1E-5   2E-3    445.1  324.5   13.
-----------next-------------
 
___________________________________________________ 
 Profile Time:  21  4  3 19  0
 Profile:       1   32.3887  -84.8299  ( 57, 54)
 
          SHGT   PRSS   TPP1   DIFR   PBLH   USTR   DSWF   SHTF   LHTF   T02M   U10M   V10M
                  hPa                                                                      
   1016    125   1016      0      0   1324   0.45    923    219    268   14.3  -0.77    1.4                     
 
          PRES   TEMP   UWND   VWND   WWND   DIFW   SPHU     TPOT   WDIR   WSP
                   oC    m/s    m/s   mb/h          g/kg       oK    deg    m/
   1015   1015   14.0  -0.97   0.88   -1.6   3E-5    2.5    285.9  139.9    1.
   1013   1013   13.5   -1.0    1.1    9.0  -4E-5    2.4    285.7  143.2    1.
   1009   1009   13.1   -1.1    1.2   21.3   1E-5    2.3    285.6  144.2    1.
   1002   1002   12.5   -1.1    1.3   45.2  -2E-4    2.3    285.5  146.5    1.
    992    992   11.6   -1.1    1.4   91.3  -4E-4    2.2    285.5  149.0    1.
    983    982   10.8   -1.1    1.4    130  -1E-4    2.2    285.5  150.6    1.
    968    968    9.7   -1.0    1.5    162  -2E-5    2.2    285.5  152.7    1.
    949    949    8.0  -0.99    1.6    209   1E-4    2.2    285.5  155.4    1.
    929    929    6.4  -0.88    1.6    235  -2E-3    2.2    285.5  158.8    1.
    908    907    4.5  -0.77    1.6    210   1E-3    2.1    285.5  161.6    1.
    884    883    2.5  -0.57    1.3    146  -3E-4    2.1    285.6  164.7    1.
    857    857   0.62  -0.10   0.44   63.2  -1E-3    1.8    286.2  174.3    0.
    828    828    1.1    1.4   -1.6      0   2E-4   0.71    289.5  326.2    2.
    797    796    2.5    1.2   -2.1   -5.8   2E-5   0.21    294.3  338.4    2.
    763    762    2.0    1.4   -1.4   -1.9   4E-5   0.43    297.3  322.0    2.
    729    729   0.59    2.7  -0.81      0   1E-4   0.72    299.7  294.3    2.
    695    695  -0.61    4.8  -0.86    5.4   5E-5   0.84    302.5  287.8    4.
    661    661   -2.1    7.1   -1.8    6.3   4E-6   0.67    305.1  291.8    7.
    627    627   -4.1    9.4   -2.6   0.78  -1E-4   0.48    307.5  292.9    9.
    594    593   -6.9   11.0   -3.1  -11.8  -1E-4   0.34    309.1  293.6   11.
    560    559  -10.3   11.7   -4.2  -19.6  -3E-5   0.23    310.4  297.6   12.
    526    526  -13.6   11.8   -5.4  -13.6  -2E-5   0.24    311.9  302.4   13.
    492    492  -17.1   12.6   -5.4   -1.6   5E-6   0.48    313.7  301.1   13.
    456    456  -21.4   14.1   -3.7    5.4   3E-5   0.79    315.2  292.2   14.
    417    417  -26.7   15.7   -2.2    5.1   2E-5   0.79    316.6  285.7   15.
    379    378  -32.4   17.6   -2.0  -0.97  -1E-5   0.48    317.9  284.1   17.
    340    340  -39.0   20.5   -3.5   -9.5   1E-5   0.26    318.9  287.2   20.
    301    301  -45.4   24.3   -5.5  -12.5  -1E-6   0.12    321.0  290.4   24.
    263    262  -50.3   28.5   -6.3   -8.0   1E-5   3E-2    326.7  290.2   29.
    224    224  -54.5   30.0   -7.7   -2.6  -1E-5   4E-3    335.6  292.1   31.
    185    185  -56.6   29.1   -7.4   -1.8  -2E-6   2E-3    350.7  291.9   30.
    147    147  -58.8   25.7   -5.1   -2.1   1E-5   2E-3    371.3  289.0   26.
    108    108  -62.6   17.5   -4.0  -0.50   2E-6   2E-3    398.0  290.6   17.
     69   69.3  -65.7    9.3   -9.4   0.94  -2E-6   2E-3    445.1  323.1   13.
-----------next-------------
 
___________________________________________________ 
 Profile Time:  21  4  3 20  0
 Profile:       1   32.3887  -84.8299  ( 57, 54)
 
          SHGT   PRSS   TPP1   DIFR   PBLH   USTR   DSWF   SHTF   LHTF   T02M   U10M   V10M
                  hPa                                                                      
   1015    125   1015      0      0   1446   0.42    798    169    241   15.0   -1.0    1.2                     
 
          PRES   TEMP   UWND   VWND   WWND   DIFW   SPHU     TPOT   WDIR   WSP
                   oC    m/s    m/s   mb/h          g/kg       oK    deg    m/
   1014   1014   14.6  -0.85    1.6   -1.0  -2E-5    2.9    286.7  159.9    1.
   1011   1011   14.2   -1.0    1.8  -12.1   2E-5    2.8    286.5  158.8    2.
   1008   1008   13.8   -1.1    1.9  -21.7  -1E-4    2.7    286.3  157.9    2.
   1001   1000   13.1   -1.2    2.0  -43.9  -4E-4    2.6    286.2  156.7    2.
    991    991   12.3   -1.3    2.0  -81.9   3E-4    2.6    286.2  154.9    2.
    981    981   11.5   -1.3    1.9   -117   1E-3    2.6    286.2  153.2    2.
    967    967   10.3   -1.4    1.8   -132  -1E-3    2.5    286.2  150.7    2.
    947    947    8.6   -1.4    1.7   -158   3E-5    2.5    286.2  147.3    2.
    928    928    7.0   -1.5    1.5   -160   1E-3    2.5    286.2  144.0    2.
    906    906    5.1   -1.5    1.4   -133   1E-3    2.5    286.2  141.0    2.
    882    882    3.0   -1.5    1.4  -67.1      0    2.4    286.2  139.6    2.
    856    855   0.93   -1.0   0.88  -13.7   5E-4    2.0    286.6  138.4    1.
    827    826    1.5   0.51   -1.6   13.6  -2E-4   0.74    290.0  350.6    1.
    796    795    3.1    1.0   -1.4    8.2  -1E-4   0.22    294.9  332.0    1.
    762    761    2.3    1.7   -1.1  -0.53   3E-5   0.50    297.8  310.6    2.
    728    728    1.3    3.6   -1.1   0.88  -5E-5   0.81    300.6  294.4    3.
    694    694  -1E-1    6.2   -1.7   -5.0  -4E-6   0.79    303.2  293.4    6.
    660    660   -1.7    9.1   -2.8  -13.3   5E-5   0.61    305.7  294.6    9.
    627    626   -4.2   11.3   -3.2  -19.5   1E-4   0.46    307.5  293.6   11.
    593    592   -7.3   12.1   -3.7  -22.3  -4E-6   0.34    308.8  294.7   12.
    559    559  -10.6   11.6   -4.6  -18.1  -4E-5   0.25    310.1  299.2   12.
    525    525  -14.0   10.9   -5.7  -15.0  -1E-4   0.59    311.6  305.1   12.
    492    491  -17.6   12.0   -5.2  -14.6  -3E-5   0.96    313.1  301.0   13.
    455    455  -22.0   13.6   -3.4  -16.6  -1E-5    1.0    314.6  291.7   14.
    417    416  -26.6   15.2   -2.7  -21.2      0   0.80    316.8  287.8   15.
    378    378  -32.2   17.4   -1.8  -24.5   2E-4   0.50    318.3  283.5   17.
    340    339  -39.1   20.1   -3.7  -16.2  -1E-4   0.26    318.9  288.2   20.
    301    301  -45.7   24.3   -5.3   -9.4   2E-6   0.13    320.7  289.9   24.
    262    262  -50.4   27.5   -7.7   -6.2  -1E-5   4E-2    326.7  293.3   28.
    224    224  -53.6   27.7   -8.8   -6.4  -1E-5   1E-2    337.0  295.2   29.
    185    185  -56.4   27.8   -7.1   -4.0   1E-5   3E-3    351.3  292.0   28.
    147    146  -59.0   26.5   -5.5   0.58  -4E-6   3E-3    371.0  289.4   27.
    108    108  -62.5   18.0   -3.8  -0.31  -3E-6   2E-3    398.2  289.5   18.
     69   69.3  -65.9    9.1   -9.4  -1E-1  -1E-5   2E-3    444.8  323.7   13.
-----------next-------------
 
___________________________________________________ 
 Profile Time:  21  4  3 21  0
 Profile:       1   32.3887  -84.8299  ( 57, 54)
 
          SHGT   PRSS   TPP1   DIFR   PBLH   USTR   DSWF   SHTF   LHTF   T02M   U10M   V10M
                  hPa                                                                      
   1014    125   1014      0      0   1160   0.31    399   46.7    152   14.8   2E-2    1.6                     
 
          PRES   TEMP   UWND   VWND   WWND   DIFW   SPHU     TPOT   WDIR   WSP
                   oC    m/s    m/s   mb/h          g/kg       oK    deg    m/
   1013   1013   14.5  -0.32    1.3   -5.3  -1E-5    2.8    286.6  174.2    1.
   1011   1011   14.3  -0.35    1.5   0.64  -3E-5    2.6    286.6  174.6    1.
   1007   1007   13.9  -0.43    1.7    9.7   1E-5    2.6    286.5  173.3    1.
   1000   1000   13.3  -0.51    1.8   27.1   2E-5    2.5    286.5  172.0    1.
    990    990   12.5  -0.61    1.9   55.8   5E-5    2.5    286.5  169.5    2.
    981    981   11.7  -0.70    1.8   81.6  -1E-3    2.5    286.5  166.6    2.
    966    966   10.5  -0.89    1.7   94.6  -2E-4    2.5    286.5  160.4    1.
    947    947    8.9   -1.2    1.4    116  -1E-3    2.5    286.5  146.8    1.
    928    927    7.2   -1.6    1.1    131  -1E-3    2.5    286.5  130.4    1.
    906    906    5.4   -2.0   0.66    136   4E-4    2.5    286.5  115.9    2.
    882    881    3.4   -1.8   0.66    124   5E-4    2.4    286.7  117.9    1.
    855    855    1.7  -0.39   0.78   67.5   1E-4    1.8    287.5  161.1    0.
    826    826    1.4   1E-1   -1.3      0  -3E-4   0.90    290.0    5.1    1.
    795    795    3.3    1.2   -1.2   -9.8  -1E-4   0.30    295.3  324.4    1.
    761    761    2.7    2.6  -0.79   -7.3   1E-4   0.51    298.3  294.4    2.
    728    727    1.5    5.0  -0.95  -19.4  -1E-4   0.81    300.9  288.4    5.
    694    693   1E-1    7.4   -2.0  -19.0   1E-5   0.75    303.4  292.8    7.
    660    660   -1.9    9.6   -3.2   -3.8  -1E-4   0.60    305.6  296.0   10.
    626    626   -4.5   11.3   -3.8    6.3   1E-4   0.46    307.2  296.0   11.
    592    592   -7.7   11.9   -4.2    8.6   1E-4   0.58    308.4  297.1   12.
    559    558  -10.8   11.8   -4.6    5.8      0   0.95    309.9  299.2   12.
    525    525  -14.1   11.3   -5.3    4.5   1E-4   0.83    311.5  302.7   12.
    491    491  -17.9   11.5   -6.5    6.5  -1E-4   0.85    312.9  307.3   13.
    455    455  -22.3   13.5   -7.9    4.9  -1E-4    1.0    314.3  308.1   15.
    416    416  -27.1   15.0   -6.9    6.1  -1E-4   0.77    316.2  302.2   16.
    378    378  -32.5   13.8   -2.6    5.7   2E-5   0.48    317.9  288.2   14.
    339    339  -38.9   15.5    1.1   -1.4  -5E-5   0.26    319.1  273.5   15.
    301    300  -45.5   21.5   -3.4   -4.4  -3E-5   0.13    321.1  286.7   21.
    262    262  -50.1   25.2   -5.9   -4.1  -2E-5   3E-2    327.3  290.9   25.
    224    223  -53.7   25.7   -8.5   -5.0  -4E-6   1E-2    337.0  295.9   27.
    185    185  -56.0   27.0   -9.3  -0.16  -1E-5   4E-3    351.9  296.6   28.
    146    146  -58.7   26.5   -5.8   0.89   2E-6   3E-3    371.5  290.0   27.
    108    108  -63.1   18.9   -5.6   -1.5  -1E-5   2E-3    397.3  294.1   19.
     69   69.3  -65.7    8.8   -9.5    1.1  -2E-7   2E-3    445.3  325.0   12.
-----------next-------------
 
___________________________________________________ 
 Profile Time:  21  4  3 22  0
 Profile:       1   32.3887  -84.8299  ( 57, 54)
 
          SHGT   PRSS   TPP1   DIFR   PBLH   USTR   DSWF   SHTF   LHTF   T02M   U10M   V10M
                  hPa                                                                      
   1014    125   1014      0      0   1185   0.28    430   40.3    145   15.0  -0.72   0.96                     
 
          PRES   TEMP   UWND   VWND   WWND   DIFW   SPHU     TPOT   WDIR   WSP
                   oC    m/s    m/s   mb/h          g/kg       oK    deg    m/
   1013   1013   14.8  -0.67   0.69  -0.43  -2E-5    2.9    286.9  143.4    1.
   1010   1010   14.5  -0.77   0.79    2.5  -1E-4    2.7    286.8  143.4    1.
   1007   1007   14.2  -0.85   0.85    5.8   3E-5    2.6    286.8  142.6    1.
   1000    999   13.6  -0.93   0.93   13.7   3E-5    2.6    286.8  142.7    1.
    990    990   12.8  -0.98   0.98   29.9  -2E-4    2.5    286.8  142.6    1.
    980    980   12.0   -1.0    1.0   41.6   1E-3    2.5    286.8  142.7    1.
    966    966   10.7   -1.1    1.1   56.8   3E-4    2.5    286.8  142.7    1.
    947    946    9.1   -1.1    1.1   80.5   1E-4    2.5    286.8  143.6    1.
    927    927    7.5   -1.1    1.1   97.6  -5E-4    2.4    286.8  143.3    1.
    906    905    5.6   -1.1    1.0    103  -1E-3    2.3    286.8  142.0    1.
    881    881    3.6   -1.1   0.80   90.6  -1E-3    2.2    287.0  134.3    1.
    855    855    1.8   -1.1   0.19   53.7  -2E-4    1.8    287.6  107.2    1.
    826    826    1.9  -1E-1   -1.1   14.8   2E-4   0.99    290.6   11.4    1.
    795    794    3.5    1.3  -0.51    7.0  -4E-5   0.27    295.5  299.2    1.
    761    761    2.9    2.7   -1.1   10.0  -1E-4   0.51    298.5  300.1    2.
    727    727    1.8    5.2   -1.8   11.9   1E-4   0.83    301.2  296.6    5.
    693    693   0.34    7.6   -3.5   12.0   1E-4   0.73    303.7  302.2    8.
    660    659   -1.9    9.7   -4.2    6.7  -4E-5   0.58    305.6  300.8   10.
    626    626   -4.7   11.4   -4.7   -1.3   1E-4   0.44    307.0  300.4   12.
    592    592   -7.5   12.1   -5.0   0.78   4E-5   0.35    308.6  300.1   13.
    559    558  -10.7   11.8   -4.8   14.4   2E-5   0.35    310.1  299.7   12.
    525    524  -14.1   11.4   -5.5   25.7  -5E-5   0.51    311.6  303.4   12.
    491    491  -17.9   11.8   -6.7   26.7  -1E-4   0.80    312.9  307.1   13.
    455    455  -22.3   13.1   -8.5   23.0  -3E-5   0.88    314.3  310.7   15.
    416    416  -27.4   15.3   -8.6   19.8   2E-5   0.65    315.8  307.0   17.
    378    377  -32.6   17.4   -3.8    5.9  -5E-5   0.47    317.9  290.0   17.
    339    339  -39.2   18.0   -1.5   -7.8  -1E-5   0.26    318.8  282.5   18.
    301    300  -45.4   20.7   -4.2  -0.69   3E-5   0.11    321.3  289.2   21.
    262    262  -49.9   22.1   -7.8    4.1   1E-5   2E-2    327.5  297.1   23.
    224    223  -53.2   23.5   -9.4   -1.7   1E-6   1E-2    337.6  299.5   25.
    185    185  -56.0   25.8   -9.8   -6.0   1E-5   5E-3    351.9  298.5   27.
    146    146  -59.0   26.4   -6.7   -6.6  -4E-6   3E-3    371.0  291.9   27.
    108    108  -62.8   19.6   -6.4   -2.6   4E-6   2E-3    397.7  295.8   20.
     69   69.3  -65.4    9.1   -8.6    1.4  -2E-6   2E-3    445.9  321.1   12.
-----------next-------------
 
___________________________________________________ 
 Profile Time:  21  4  3 23  0
 Profile:       1   32.3887  -84.8299  ( 57, 54)
 
          SHGT   PRSS   TPP1   DIFR   PBLH   USTR   DSWF   SHTF   LHTF   T02M   U10M   V10M
                  hPa                                                                      
   1015    125   1015      0      0    726   0.10    211   -2.0   52.9   14.8  -0.29   0.77                     
 
          PRES   TEMP   UWND   VWND   WWND   DIFW   SPHU     TPOT   WDIR   WSP
                   oC    m/s    m/s   mb/h          g/kg       oK    deg    m/
   1013   1013   14.7  -0.34   0.38   -1.3  -1E-5    3.0    286.8  145.9    0.
   1011   1011   14.5  -0.44   0.53    4.6  -2E-5    2.7    286.8  147.7    0.
   1007   1007   14.2  -0.59   0.62    9.3   1E-5    2.6    286.8  143.7    0.
   1000   1000   13.7  -0.75   0.71   21.5  -2E-4    2.6    286.8  141.1    1.
    990    990   12.9  -0.94   0.76   37.2   4E-4    2.5    286.8  136.9    1.
    981    981   12.1   -1.1   0.82   53.2  -3E-4    2.5    286.8  134.7    1.
    966    966   10.9   -1.2   0.88   62.5  -4E-4    2.5    286.8  133.4    1.
    947    947    9.2   -1.4    1.0   69.1   2E-4    2.5    286.8  135.4    1.
    928    927    7.6   -1.3    1.2   58.6   1E-3    2.4    286.9  140.2    1.
    906    906    5.8   -1.2    1.2   34.4  -1E-3    2.3    287.0  141.8    1.
    882    882    3.9   -1.2   0.55   -7.6  -3E-5    2.1    287.2  122.3    1.
    855    855    2.3  -0.76      0  -19.7   4E-4    1.8    288.1   97.7    0.
    826    826    2.1   0.49  -0.29   -7.7   1E-4   0.98    290.8  308.2    0.
    795    795    3.2    2.1  -0.10   -5.2   4E-5   0.36    295.1  280.6    2.
    761    761    2.7    3.6  -0.94   -2.2   1E-4   0.56    298.3  292.4    3.
    728    727    1.5    5.8   -2.1    3.3  -1E-4   0.82    300.8  298.0    6.
    694    693  -0.15    7.5   -4.0    4.7  -1E-4   0.76    303.2  305.6    8.
    660    660   -2.3    8.9   -5.5   0.66   2E-5   0.59    305.1  309.3   10.
    626    626   -4.7   10.2   -5.9   -4.5  -2E-5   0.44    307.0  307.7   11.
    593    592   -7.3   10.8   -5.2  -0.58  -4E-5   0.39    308.8  303.3   12.
    559    558  -10.4   11.2   -5.4    5.6   4E-5   0.46    310.4  303.3   12.
    525    525  -13.7   12.1   -6.6    7.5   2E-5   0.55    312.0  306.2   13.
    491    491  -17.6   12.8   -8.1    9.0  -1E-5   0.65    313.3  310.0   15.
    455    455  -22.2   13.4   -9.2   10.6   5E-5   0.64    314.4  312.2   16.
    417    416  -27.5   14.2   -8.4   10.1   1E-5   0.39    315.7  308.2   16.
    378    378  -33.1   16.0   -6.2    4.9  -1E-5   0.19    317.2  299.0   17.
    339    339  -39.1   17.6   -6.0   -2.7  -1E-5   1E-1    318.9  296.6   18.
    301    301  -44.8   18.1   -7.7   -7.8  -1E-6   4E-2    322.1  300.6   19.
    262    262  -49.6   18.7   -8.7  -11.3  -2E-5   2E-2    327.9  302.6   20.
    224    223  -53.5   20.3   -9.6  -12.1   1E-5   1E-2    337.2  303.0   22.
    185    185  -56.3   24.4   -9.9   -5.8   1E-5   1E-2    351.4  299.7   26.
    146    146  -59.1   26.3   -7.3   0.94   1E-5   3E-3    370.9  293.1   27.
    108    108  -62.6   21.1   -6.4    2.4   1E-5   2E-3    398.1  294.6   22.
     69   69.3  -65.2    8.8   -7.3    1.4  -1E-5   2E-3    446.3  317.4   11.
-----------next-------------
